#  sat // krel_w// krel_o // pc
 4.29504e-03  2.81833e-04  8.17481e-01  3.67688e+03 
 4.39320e-03  3.07551e-04  7.68602e-01  2.98204e+03 
 4.46756e-03  3.17275e-04  7.43160e-01  2.72951e+03 
 4.55526e-03  3.24003e-04  7.22933e-01  2.55656e+03 
 4.71590e-03  3.28654e-04  7.07950e-01  2.44209e+03 
 4.87325e-03  3.32986e-04  6.92983e-01  2.33770e+03 
 4.99811e-03  3.37661e-04  6.75921e-01  2.22941e+03 
 5.22023e-03  3.41336e-04  6.61676e-01  2.14856e+03 
 5.45417e-03  3.45122e-04  6.46691e-01  2.06815e+03 
 5.70491e-03  3.48058e-04  6.33176e-01  1.99916e+03 
 5.93518e-03  3.51631e-04  6.16562e-01  1.91998e+03 
 6.19814e-03  3.54087e-04  6.03122e-01  1.85988e+03 
 6.60163e-03  3.56743e-04  5.90625e-01  1.80783e+03 
 6.95997e-03  3.59452e-04  5.76055e-01  1.74966e+03 
 7.41933e-03  3.62789e-04  5.59758e-01  1.68801e+03 
 7.84696e-03  3.65312e-04  5.46271e-01  1.63633e+03 
 8.27834e-03  3.67893e-04  5.32773e-01  1.58704e+03 
 8.60825e-03  3.69960e-04  5.16789e-01  1.53168e+03 
 9.27772e-03  3.72229e-04  5.03391e-01  1.48814e+03 
 1.00205e-02  3.74467e-04  4.90598e-01  1.44825e+03 
 1.03941e-02  3.76204e-04  4.76527e-01  1.40580e+03 
